"Account Name : FREE CHECKING"
"Date Range : 03/30/2023-04/08/2023"
Transaction Number,Date,Description,Memo,Amount Debit,Amount Credit,Balance,Check Number,Fees  
"20230407000000[-5:EST]*-2.75*42**Withdrawal DEBIT TRAN",04/07/2023,"Withdrawal DEBIT TRAN","PARLEVEL TEXAS 210-200 HUNT VALLEY MD Date 04/06/23 0 3096561575 0 5814 %% Card 01 #7628",-2.75,,"72.74",,
"20230407000000[-5:EST]*-2.85*42**Withdrawal DEBIT TRAN",04/07/2023,"Withdrawal DEBIT TRAN","PARLEVEL TEXAS 210-200 HUNT VALLEY MD Date 04/06/23 0 3096561573 0 5814 %% Card 01 #7628",-2.85,,"75.49",,
"20230406000000[-5:EST]*-21.32*42**Withdrawal DEBIT TRAN",04/06/2023,"Withdrawal DEBIT TRAN","TACO BELL 3001052 BLOOMINGTON IN Date 04/04/23 0 3094494489 0 5814 %% Card 01 #7628",-21.32,,"78.34",,
"20230406000000[-5:EST]*61.66*515**Deposit DAILYPAY",04/06/2023,"Deposit DAILYPAY","TYPE: KROGER ID: 1475035714 CO: DAILYPAY %% ACH ECC PPD",,61.66,"99.66",,
"20230406000000[-5:EST]*6.21*515**Deposit DAILYPAY",04/06/2023,"Deposit DAILYPAY","TYPE: KROGER ID: 1475035714 CO: DAILYPAY %% ACH ECC PPD",,6.21,"38.00",,
"20230406000000[-5:EST]*-33.55*13**Withdrawal KROGER #9 1175",04/06/2023,"Withdrawal KROGER #9 1175","COLLEGE BLOOMINGTON IN %% Card 01 #7628 #000019530902",-33.55,,"31.79",,
"20230405000000[-5:EST]*-11.87*42**Withdrawal DEBIT TRAN",04/05/2023,"Withdrawal DEBIT TRAN","PANERA BREAD #601072 O 812-335-9785 IN Date 04/05/23 0 3095548865 0 5814 %% Card 01 #7628",-11.87,,"65.34",,
"20230405000000[-5:EST]*-20.00*42**Withdrawal DEBIT TRAN",04/05/2023,"Withdrawal DEBIT TRAN","CASH APP*TONY MARTI 877-417-4551 UT Date 04/04/23 0 3094577254 0 5399 %% Card 01 #7628",-20.00,,"77.21",,
"20230404000000[-5:EST]*-10.69*42**Withdrawal DEBIT TRAN",04/04/2023,"Withdrawal DEBIT TRAN","SQ *CRUMBLE COFFEE & B BLOOMINGTON IN Date 04/03/23 0 3093461647 0 5812 %% Card 01 #7628",-10.69,,"97.21",,
"20230404000000[-5:EST]*80.44*515**Deposit DAILYPAY",04/04/2023,"Deposit DAILYPAY","TYPE: KROGER ID: 1475035714 CO: DAILYPAY %% ACH ECC PPD",,80.44,"107.90",,
"20230403000000[-5:EST]*-11.49*42**Withdrawal DEBIT TRAN",04/03/2023,"Withdrawal DEBIT TRAN","BARNES & NOBLE #2329 GREENWOOD IN Date 04/01/23 0 3091554624 0 5814 %% Card 01 #7628",-11.49,,"27.46",,
"20230403000000[-5:EST]*-2.91*42**Withdrawal DEBIT TRAN",04/03/2023,"Withdrawal DEBIT TRAN","MARATHON PETRO249581 BLOOMINGTON IN Date 04/01/23 0 3091554143 0 5541 %% Card 01 #7628",-2.91,,"38.95",,
"20230402000000[-5:EST]*-11.05*13**Withdrawal KROGER #3 1825",04/02/2023,"Withdrawal KROGER #3 1825","KINSER BLOOMINGTON IN %% Card 01 #7628 #000013020116",-11.05,,"41.86",,
"20230402000000[-5:EST]*-79.66*42**Withdrawal DEBIT TRAN",04/02/2023,"Withdrawal DEBIT TRAN","CHEESECAKE GREENWOOD GREENWOOD IN Date 04/02/23 0 3092747739 0 5812 %% Card 01 #7628",-79.66,,"52.91",,
"20230402000000[-5:EST]*-9.60*42**Withdrawal DEBIT TRAN",04/02/2023,"Withdrawal DEBIT TRAN","SMITHVILLE FOOD MART BLOOMINGTON IN Date 04/01/23 0 3091150181 0 5541 %% Card 01 #7628",-9.60,,"132.57",,
"20230402000000[-5:EST]*-16.81*42**Withdrawal DEBIT TRAN",04/02/2023,"Withdrawal DEBIT TRAN","RPS DINING SERVICES BLOOMINGTON IN Date 03/31/23 0 3090429815 1 8220 %% Card 01 #7628",-16.81,,"142.17",,
"20230331000000[-5:EST]*-54.79*13**Withdrawal KROGER FU 1175",03/31/2023,"Withdrawal KROGER FU 1175","COLLEGE BLOOMINGTON IN %% Card 01 #7628 #000014400054",-54.79,,"158.98",,
"20230331000000[-5:EST]*-7.18*42**Withdrawal DEBIT TRAN",03/31/2023,"Withdrawal DEBIT TRAN","RPS DINING SERVICES BLOOMINGTON IN Date 03/30/23 0 3089568342 0 8220 %% Card 01 #7628",-7.18,,"213.77",,
"20230331000000[-5:EST]*-150.00*15**Withdrawal VENMO",03/31/2023,"Withdrawal VENMO","TYPE: PAYMENT ID: 3264681992 CO: VENMO NAME: GIO WASHEL %% ACH ECC WEB",-150.00,,"220.95",,
"20230331000000[-5:EST]*-3.69*13**Withdrawal MARATHON PETRO70",03/31/2023,"Withdrawal MARATHON PETRO70","BLOOMINGTON IN %% Card 01 #7628 #000000671947",-3.69,,"370.95",,
"20230330000000[-5:EST]*19.41*515**Deposit DAILYPAY",03/30/2023,"Deposit DAILYPAY","TYPE: KROGER ID: 1475035714 CO: DAILYPAY %% ACH ECC PPD",,19.41,"374.64",,
"20230330000000[-5:EST]*-23.28*13**Withdrawal WENDY'S #8788 4001 S",03/30/2023,"Withdrawal WENDY'S #8788 4001 S","WALNUT STREET PI BLOOMINGTON IN %% Card 01 #7628 #000000593062",-23.28,,"355.23",,
